0.83417	
0.956065	
1.12374	
1.02828	
0.936409	
1.03297	
0.955984	
0.885352	
1.16466	
0.871086	
1.07344	
1.11432	
1.03143	
0.859901	
1.24557	
0.935434	
0.991243	
0.997355	
1.08932	
0.843135	
0.970722	
0.774851	
1.226	
1.16641	
0.863104	
0.694575	
1.1635	
0.903262	
1.28047	
0.844486	
0.991988	
0.926205	
0.929319	
0.926059	
1.12156	
1.0724	
1.01008	
1.2832	
0.916953	
1.01748	
0.97122	
0.991205	
1.10794	
0.967844	
1.26001	
0.867054	
0.849588	
1.1519	
0.960261	
0.853847	
1.26145	
1.09412	
0.88553	
1.07904	
1.2844	
1.11129	
0.993784	
1.21749	
1.06391	
0.924932	
0.916138	
1.19346	
1.20263	
0.867948	
0.840547	
0.886543	
1.04796	
0.704444	
0.893077	
1.01605	
1.01576	
0.834747	
0.900045	
0.867439	
0.83386	
1.08864	
1.13732	
0.684807	
1.04632	
0.910822	
1.10994	
1.05418	
0.907007	
0.984847	
0.816516	
0.984536	
1.09279	
0.949771	
1.29104	
0.926501	
1.1121	
1.02575	
0.864634	
1.12166	
0.828867	
0.769887	
0.787063	
0.934556	
0.832997	
1.13188	
1.03642	
1.00892	
1.13186	
1.06524	
1.11578	
0.967174	
0.774359	
0.615959	
1.04995	
1.08778	
1.09194	
0.915459	
1.19817	
1.00156	
0.797688	
0.958856	
0.87432	
1.11672	
1.19261	
0.935212	
1.18969	
1.17853	
0.990011	
1.02429	
0.864855	
0.863797	
0.695199	
1.3242	
0.859182	
1.08293	
1.06512	
1.04529	
0.966125	
0.994436	
1.10123	
0.84518	
0.887798	
1.14503	
0.977004	
0.896469	
0.727832	
0.949005	
1.0772	
0.89745	
1.08276	
0.908077	
1.02543	
0.960042	
0.895094	
1.03873	
1.29942	
0.920286	
1.14933	
0.744801	
0.786121	
1.00114	
1.20048	
1.18511	
0.815803	
0.875189	
0.717469	
1.08182	
0.866182	
1.40175	
0.833166	
1.05796	
0.917214	
0.791988	
1.03307	
0.931694	
0.664003	
0.838781	
1.12693	
0.744449	
0.826251	
0.9852	
0.864057	
1.10457	
1.02928	
1.05635	
1.33911	
1.19389	
1.03541	
0.931193	
0.791665	
1.10201	
1.06108	
1.11098	
1.17421	
1.17436	
1.025	
1.35803	
0.916611	
0.941059	
0.986102	
1.00517	
1.08443	
1.19814	
0.848093	
0.817644	
